584827925 11 100 88 95 94 98 100 90 71 100 92 98
952344495 11 78 83 92 76 83 88 93 100 68 100 70
781293120 7 86 100 100 100 74 99 72
324483372 8 100 87 100 85 86 100 79 84
583873526 5 85 90 100 70 98
892594421 11 68 85 100 71 95 65 100 76 89 100 98
938551966 5 100 78 65 100 100
676672047 10 89 98 72 84 78 100 100 100 84 88
992340744 11 91 89 75 67 86 90 100 100 100 100 99
939318430 8 68 93 71 67 75 100 87 79
779500720 10 95 82 100 99 100 94 96 83 86 100
639578756 9 76 100 77 81 83 94 82 90 69
739425431 9 93 87 70 98 98 70 100 81 98
975440238 9 76 94 69 88 87 100 75 70 96
133111804 11 90 100 100 100 75 77 100 100 87 89 92
414253116 5 86 69 100 100 100
561939113 8 78 100 100 68 68 100 87 85
733950155 7 100 81 100 74 100 89 100
807807663 7 100 88 75 100 81 65 91
621143860 5 100 100 81 83 75
547392810 8 91 100 82 100 100 81 92 96
823461579 7 100 68 100 89 98 84 90
672954318 5 100 100 71 75 80
135802467 9 100 80 73 92 81 91 85 100 91
982145603 10 69 100 77 92 97 91 82 75 93 100